2 0.187023 0.35187 0.181471 0.366634 0.201249 0.383858 0.207842 0.371063
2 0.234559 0.340059 0.223803 0.353346 0.242193 0.375 0.25052 0.363681
6 0.095073 0.432087 0.124219 0.432087 0.124219 0.450787 0.095073 0.450787
0 0.146426 0.403051 0.208883 0.403051 0.208883 0.451772 0.146426 0.451772
2 0.054129 0.53002 0.081888 0.53002 0.081888 0.54872 0.054129 0.54872
2 0.063151 0.814469 0.088133 0.814469 0.088133 0.837598 0.063151 0.837598
7 0.275156 0.871555 0.332061 0.871555 0.332061 0.894193 0.275156 0.894193
7 0.262665 0.438976 0.312283 0.438976 0.312283 0.462598 0.262665 0.462598
0 0.267176 0.117126 0.332061 0.117126 0.332061 0.167323 0.267176 0.167323
2 0.400416 0.278543 0.416378 0.295768 0.429216 0.272638 0.417071 0.261319
2 0.381679 0.35876 0.386884 0.378445 0.40805 0.362205 0.40111 0.345965
0 0.428175 0.449803 0.367453 0.449803 0.367453 0.404035 0.428175 0.404035
6 0.486815 0.232776 0.524983 0.232776 0.524983 0.214075 0.486815 0.214075
6 0.487162 0.234252 0.549965 0.234252 0.549965 0.252461 0.487162 0.252461
6 0.60687 0.381398 0.619709 0.381398 0.619709 0.42372 0.60687 0.42372
6 0.625607 0.373031 0.643997 0.373031 0.643997 0.429134 0.625607 0.429134
0 0.602012 0.4375 0.664469 0.4375 0.664469 0.48376 0.602012 0.48376
10 0.696738 0.350394 0.728314 0.350394 0.728314 0.378937 0.696738 0.378937
10 0.753643 0.454232 0.807078 0.454232 0.807078 0.483268 0.753643 0.483268
6 0.892436 0.362205 0.908744 0.362205 0.908744 0.42126 0.892436 0.42126
6 0.914296 0.372539 0.927481 0.372539 0.927481 0.413878 0.914296 0.413878
4 0.724844 0.545276 0.780014 0.545276 0.780014 0.572343 0.724844 0.572343
10 0.817488 0.679626 0.856003 0.679626 0.856003 0.702756 0.817488 0.702756
10 0.891048 0.568898 0.910132 0.568898 0.910132 0.618602 0.891048 0.618602
10 0.914643 0.568406 0.930951 0.568406 0.930951 0.619094 0.914643 0.619094
11 0.39313 0.497539 0.421929 0.497539 0.421929 0.521654 0.39313 0.521654
11 0.229008 0.565945 0.250173 0.565945 0.250173 0.588583 0.229008 0.588583
11 0.562457 0.683563 0.572519 0.683563 0.572519 0.727854 0.562457 0.727854
11 0.576683 0.680118 0.587092 0.680118 0.587092 0.725394 0.576683 0.725394
11 0.526371 0.183071 0.594726 0.183071 0.594726 0.230315 0.526371 0.230315
11 0.587439 0.228839 0.61728 0.228839 0.61728 0.318898 0.587439 0.318898
11 0.812977 0.156496 0.901804 0.156496 0.901804 0.197343 0.812977 0.197343
11 0.802915 0.119587 0.907009 0.119587 0.907009 0.155512 0.802915 0.155512
11 0.060722 0.341535 0.072519 0.341535 0.072519 0.377461 0.060722 0.377461
11 0.044761 0.281496 0.060722 0.281496 0.060722 0.328248 0.044761 0.328248
11 0.049618 0.718504 0.06211 0.718504 0.06211 0.757874 0.049618 0.757874
11 0.300833 0.46752 0.331367 0.46752 0.331367 0.490157 0.300833 0.490157
11 0.443095 0.439961 0.46669 0.439961 0.46669 0.46752 0.443095 0.46752
11 0.828938 0.34498 0.854268 0.34498 0.854268 0.379921 0.828938 0.379921
11 0.670368 0.408465 0.677307 0.408465 0.677307 0.424705 0.670368 0.424705
11 0.768563 0.416339 0.786954 0.416339 0.786954 0.4375 0.768563 0.4375
11 0.557599 0.38189 0.569396 0.38189 0.569396 0.39813 0.557599 0.39813
11 0.376128 0.566437 0.394518 0.566437 0.394518 0.587106 0.376128 0.587106
11 0.483345 0.866634 0.505552 0.866634 0.505552 0.892717 0.483345 0.892717
11 0.112075 0.869094 0.12873 0.869094 0.12873 0.892717 0.112075 0.892717
11 0.229702 0.408957 0.241846 0.408957 0.241846 0.431102 0.229702 0.431102
11 0.752508 -0.297931 0.815499 -0.293249 0.817386 -0.344302 0.754394 -0.348984
11 0.875781 0.405512 0.883067 0.405512 0.883067 0.425689 0.875781 0.425689
11 0.333796 0.133366 0.348716 0.133366 0.348716 0.154528 0.333796 0.154528
11 0.416724 0.181102 0.430257 0.181102 0.430257 0.205217 0.416724 0.205217
11 0.704719 0.800197 0.761624 0.800197 0.761624 0.861713 0.704719 0.861713
11 0.656489 0.571358 0.765094 0.571358 0.765094 0.654528 0.656489 0.654528
11 0.888272 0.75 0.936502 0.75 0.936502 0.818898 0.888272 0.818898
11 0.258154 0.788386 0.309507 0.788386 0.309507 0.850886 0.258154 0.850886
11 0.619015 0.156496 0.660305 0.156496 0.660305 0.222441 0.619015 0.222441
11 0.726926 0.716043 0.78279 0.716043 0.78279 0.775591 0.726926 0.775591
11 0.158917 0.123031 0.19431 0.123031 0.19431 0.17815 0.158917 0.17815
11 0.605135 0.736713 0.685982 0.736713 0.685982 0.82628 0.605135 0.82628
11 0.818876 0.848917 0.869188 0.848917 0.869188 0.912894 0.818876 0.912894
11 0.821999 0.738681 0.857391 0.738681 0.857391 0.80561 0.821999 0.80561
11 0.599584 0.484744 0.64712 0.484744 0.64712 0.548228 0.599584 0.548228
11 0.494795 0.254921 0.534698 0.254921 0.534698 0.313484 0.494795 0.313484
11 0.690493 0.485236 0.751561 0.485236 0.751561 0.552657 0.690493 0.552657
11 0.74948 0.869587 0.805344 0.869587 0.805344 0.934055 0.74948 0.934055
11 0.455933 0.125 0.543026 0.125 0.543026 0.215551 0.455933 0.215551
11 0.075295 0.214567 0.125954 0.214567 0.125954 0.283957 0.075295 0.283957