2 0.2356 0.220472 0.252255 0.220472 0.252255 0.242618 0.2356 0.242618
6 0.42991 0.71752 0.480916 0.71752 0.480916 0.74311 0.42991 0.74311
0 0.479875 0.69439 0.548924 0.69439 0.548924 0.750492 0.479875 0.750492
6 0.357391 0.533957 0.423317 0.533957 0.423317 0.557087 0.357391 0.557087
6 0.370229 0.304134 0.390354 0.304134 0.390354 0.363681 0.370229 0.363681
6 0.3966 0.310531 0.41152 0.310531 0.41152 0.365157 0.3966 0.365157
0 0.409785 0.136319 0.428869 0.136319 0.428869 0.188976 0.409785 0.188976
6 0.499306 0.290354 0.555517 0.290354 0.555517 0.316437 0.499306 0.316437
6 0.554476 0.361713 0.569396 0.361713 0.569396 0.309547 0.554476 0.309547
6 0.575642 0.314469 0.595073 0.314469 0.595073 0.358268 0.575642 0.358268
6 0.575295 0.171752 0.609993 0.171752 0.609993 0.19439 0.575295 0.19439
2 0.843164 0.151083 0.872658 0.151083 0.872658 0.175689 0.843164 0.175689
1 0.314365 0.24065 0.405968 0.24065 0.405968 0.278051 0.314365 0.278051
11 0.865024 0.584154 0.935808 0.584154 0.935808 0.637303 0.865024 0.637303
11 0.840736 0.415354 0.904927 0.415354 0.904927 0.470472 0.840736 0.470472
11 0.887231 0.363189 0.905274 0.363189 0.905274 0.406496 0.887231 0.406496
11 0.907009 0.360728 0.928175 0.360728 0.928175 0.410925 0.907009 0.410925
11 0.722068 0.150591 0.795281 0.150591 0.795281 0.200787 0.722068 0.200787
11 0.609993 0.147638 0.671409 0.147638 0.671409 0.19439 0.609993 0.19439
11 0.844205 0.297244 0.856003 0.297244 0.856003 0.340551 0.844205 0.340551
11 0.865371 0.257382 0.880638 0.257382 0.880638 0.306594 0.865371 0.306594
11 0.74948 0.265748 0.761277 0.265748 0.761277 0.30561 0.74948 0.30561
11 0.766482 0.248031 0.780014 0.248031 0.780014 0.292323 0.766482 0.292323
11 0.54372 0.422244 0.612422 0.422244 0.612422 0.470472 0.54372 0.470472
11 0.608258 0.360728 0.620056 0.360728 0.620056 0.40748 0.608258 0.40748
11 0.680777 0.371555 0.696044 0.371555 0.696044 0.413386 0.680777 0.413386
11 0.72415 0.577756 0.750173 0.577756 0.750173 0.604331 0.72415 0.604331
11 0.72415 0.610236 0.747745 0.610236 0.747745 0.63435 0.72415 0.63435
11 0.321305 0.369094 0.337266 0.369094 0.337266 0.409941 0.321305 0.409941
11 0.291811 0.34498 0.313671 0.34498 0.313671 0.378445 0.291811 0.378445
11 0.137405 0.232283 0.150243 0.232283 0.150243 0.262303 0.137405 0.262303
11 0.073213 0.323327 0.08848 0.323327 0.08848 0.348917 0.073213 0.348917
11 0.057252 0.374016 0.070784 0.374016 0.070784 0.402559 0.057252 0.402559
11 0.074948 0.390748 0.089174 0.390748 0.089174 0.417323 0.074948 0.417323
11 0.139486 0.441437 0.151284 0.441437 0.151284 0.457185 0.139486 0.457185
11 0.201943 0.521654 0.216169 0.521654 0.216169 0.552657 0.201943 0.552657
11 0.189105 0.648622 0.204372 0.648622 0.204372 0.670276 0.189105 0.670276
11 0.11728 0.648622 0.14018 0.648622 0.14018 0.667815 0.11728 0.667815
11 0.074948 0.753445 0.09195 0.753445 0.09195 0.779528 0.074948 0.779528
11 0.179042 0.749508 0.19084 0.749508 0.19084 0.770177 0.179042 0.770177
11 0.186676 0.777067 0.209577 0.777067 0.209577 0.797736 0.186676 0.797736
11 0.184941 0.808563 0.212006 0.808563 0.212006 0.831201 0.184941 0.831201
11 0.295975 0.693406 0.308813 0.693406 0.308813 0.713583 0.295975 0.713583
11 0.31957 0.695374 0.331367 0.695374 0.331367 0.724409 0.31957 0.724409
11 0.340736 0.697835 0.354962 0.697835 0.354962 0.729331 0.340736 0.729331
11 0.344205 0.743602 0.357738 0.743602 0.357738 0.765256 0.344205 0.765256
11 0.411867 0.761319 0.425399 0.761319 0.425399 0.785433 0.411867 0.785433
11 0.483692 0.787894 0.499653 0.787894 0.499653 0.81939 0.483692 0.81939
11 0.373352 0.882874 0.392783 0.882874 0.392783 0.904528 0.373352 0.904528
11 0.373699 0.907972 0.39313 0.907972 0.39313 0.933071 0.373699 0.933071
11 0.490632 0.498524 0.504858 0.498524 0.504858 0.527559 0.490632 0.527559
11 0.446565 0.30561 0.456627 0.30561 0.456627 0.328248 0.446565 0.328248
11 0.455933 0.112205 0.480222 0.112205 0.480222 0.130413 0.455933 0.130413
11 0.447259 0.153051 0.472588 0.153051 0.472588 0.177165 0.447259 0.177165
11 0.402151 0.846457 0.417418 0.846457 0.417418 0.870571 0.402151 0.870571
11 0.50694 0.125492 0.520125 0.125492 0.520125 0.152067 0.50694 0.152067
11 0.484386 0.442913 0.496183 0.442913 0.496183 0.466043 0.484386 0.466043
11 0.600278 0.197343 0.637058 0.197343 0.637058 0.292323 0.600278 0.292323
11 0.447259 0.57874 0.461485 0.57874 0.461485 0.602854 0.447259 0.602854
11 0.592644 0.808071 0.631853 0.808071 0.631853 0.875984 0.592644 0.875984
11 0.569396 0.56939 0.615198 0.56939 0.615198 0.631398 0.569396 0.631398
11 0.881679 0.611713 0.924011 0.611713 0.924011 0.670768 0.881679 0.670768
11 0.225885 0.091043 0.279667 0.091043 0.279667 0.146161 0.225885 0.146161
11 0.838654 0.096949 0.870576 0.096949 0.870576 0.156004 0.838654 0.156004
11 0.465996 0.609744 0.530187 0.609744 0.530187 0.672736 0.465996 0.672736
11 0.78626 0.873031 0.859473 0.873031 0.859473 0.943898 0.78626 0.943898
11 0.771686 0.64813 0.877516 0.64813 0.877516 0.744587 0.771686 0.744587
11 0.572172 0.735236 0.612422 0.735236 0.612422 0.793307 0.572172 0.793307
11 0.75399 0.378937 0.792505 0.378937 0.792505 0.448327 0.75399 0.448327
11 0.642609 0.734252 0.752949 0.734252 0.752949 0.82628 0.642609 0.82628
11 0.307772 0.126969 0.358085 0.126969 0.358085 0.189961 0.307772 0.189961
11 0.872311 0.14124 0.920194 0.14124 0.920194 0.198327 0.872311 0.198327
11 0.528452 0.130906 0.574601 0.130906 0.574601 0.193406 0.528452 0.193406
11 0.57356 0.501969 0.623525 0.501969 0.623525 0.567421 0.57356 0.567421
11 0.767523 0.747047 0.825468 0.747047 0.825468 0.818898 0.767523 0.818898