2 0.136711 0.293799 0.177307 0.293799 0.177307 0.316929 0.136711 0.316929
6 0.111034 0.328248 0.125954 0.328248 0.125954 0.372047 0.111034 0.372047
2 0.145732 0.432579 0.173838 0.432579 0.173838 0.458169 0.145732 0.458169
2 0.174879 0.415354 0.208189 0.415354 0.208189 0.442421 0.174879 0.442421
6 0.100625 0.549705 0.145385 0.549705 0.145385 0.575295 0.100625 0.575295
2 0.14018 0.625492 0.164122 0.625492 0.164122 0.651083 0.14018 0.651083
2 0.097502 0.697343 0.131506 0.697343 0.131506 0.721949 0.097502 0.721949
0 0.386537 0.318406 0.455586 0.318406 0.455586 0.375492 0.386537 0.375492
6 0.402845 0.782972 0.4195 0.782972 0.4195 0.843012 0.402845 0.843012
0 0.435115 0.80561 0.513185 0.80561 0.513185 0.863189 0.435115 0.863189
2 0.816794 0.449311 0.841083 0.449311 0.841083 0.474409 0.816794 0.474409
6 0.697779 0.155512 0.725538 0.155512 0.725538 0.177165 0.697779 0.177165
6 0.653713 0.152559 0.639486 0.152559 0.639486 0.084154 0.653713 0.084154
4 0.804997 0.202264 0.876475 0.202264 0.876475 0.237697 0.804997 0.237697
10 0.817141 0.316929 0.837266 0.316929 0.837266 0.383858 0.817141 0.383858
10 0.843164 0.318406 0.860861 0.318406 0.860861 0.383858 0.843164 0.383858
6 0.696391 0.265748 0.727273 0.265748 0.727273 0.290354 0.696391 0.290354
1 0.377169 0.374016 0.457321 0.374016 0.457321 0.413386 0.377169 0.413386
1 0.430257 0.866142 0.526718 0.866142 0.526718 0.893701 0.430257 0.893701
6 0.427134 0.898622 0.527759 0.898622 0.527759 0.932087 0.427134 0.932087
1 0.571825 0.275591 0.649549 0.275591 0.649549 0.311516 0.571825 0.311516
11 0.304303 0.156496 0.333102 0.156496 0.333102 0.18061 0.304303 0.18061
11 0.326162 0.218012 0.340736 0.218012 0.340736 0.245571 0.326162 0.245571
11 0.263706 0.223425 0.284872 0.223425 0.284872 0.244094 0.263706 0.244094
11 0.216169 0.221457 0.2356 0.221457 0.2356 0.239665 0.216169 0.239665
11 0.699514 0.528543 0.72415 0.528543 0.72415 0.554134 0.699514 0.554134
11 0.69882 0.5625 0.72415 0.5625 0.72415 0.586614 0.69882 0.586614
11 0.581194 0.408957 0.603053 0.408957 0.603053 0.454232 0.581194 0.454232
11 0.572519 0.221457 0.642956 0.221457 0.642956 0.27313 0.572519 0.27313
11 0.393824 0.647638 0.422623 0.647638 0.422623 0.676181 0.393824 0.676181
11 0.06662 0.785433 0.129077 0.785433 0.129077 0.833661 0.06662 0.833661
11 0.130118 0.79626 0.141915 0.79626 0.141915 0.832677 0.130118 0.832677
11 0.224844 0.797736 0.24254 0.797736 0.24254 0.82185 0.224844 0.82185
11 0.301874 0.82628 0.320264 0.82628 0.320264 0.846949 0.301874 0.846949
11 0.283137 0.778543 0.345593 0.778543 0.345593 0.815453 0.283137 0.815453
11 0.101319 0.621063 0.127342 0.621063 0.127342 0.650098 0.101319 0.650098
11 0.257807 0.599409 0.308466 0.599409 0.308466 0.620079 0.257807 0.620079
11 0.500694 0.333169 0.514226 0.333169 0.514226 0.379921 0.500694 0.379921
11 0.52533 0.352362 0.54372 0.352362 0.54372 0.391732 0.52533 0.391732
11 0.061689 -0.586786 0.065469 -0.510117 0.135677 -0.51708 0.131897 -0.593749
11 0.277238 0.49311 0.293546 0.49311 0.293546 0.514272 0.277238 0.514272
11 0.405968 0.489173 0.418806 0.489173 0.418806 0.511319 0.405968 0.511319
11 0.609993 -0.095472 0.653517 -0.094395 0.654754 -0.194882 0.61123 -0.195959
11 0.4195 0.585138 0.46669 0.585138 0.46669 0.647638 0.4195 0.647638
11 0.896253 0.195374 0.933033 0.195374 0.933033 0.254921 0.896253 0.254921
11 0.798751 0.125492 0.846981 0.125492 0.846981 0.182087 0.798751 0.182087
11 0.682859 0.846949 0.785219 0.846949 0.785219 0.937008 0.682859 0.937008
11 0.540944 0.783465 0.594032 0.783465 0.594032 0.840059 0.540944 0.840059
11 0.144691 0.164862 0.191534 0.164862 0.191534 0.226378 0.144691 0.226378
11 0.640874 0.667815 0.695003 0.667815 0.695003 0.734252 0.640874 0.734252
11 0.076683 0.434547 0.123872 0.434547 0.123872 0.498524 0.076683 0.498524
11 0.891395 0.763287 0.932686 0.763287 0.932686 0.81939 0.891395 0.81939
11 0.721721 0.755906 0.769257 0.755906 0.769257 0.824311 0.721721 0.824311
11 0.870229 0.401575 0.921235 0.401575 0.921235 0.473425 0.870229 0.473425
11 0.530534 0.591535 0.58848 0.591535 0.58848 0.663386 0.530534 0.663386
11 0.624913 0.869587 0.681471 0.869587 0.681471 0.933563 0.624913 0.933563
11 0.438931 0.095472 0.535739 0.095472 0.535739 0.186516 0.438931 0.186516
11 0.902151 0.595472 0.942054 0.595472 0.942054 0.656496 0.902151 0.656496
11 0.791464 0.793799 0.835531 0.793799 0.835531 0.859252 0.791464 0.859252