0 0.135323 0.248524 0.200555 0.248524 0.200555 0.298228 0.135323 0.298228
10 0.203331 0.285433 0.212353 0.303642 0.234559 0.276575 0.226926 0.264764
7 0.258501 0.394685 0.292505 0.394685 0.292505 0.416831 0.258501 0.416831
4 0.316794 0.280512 0.376822 0.280512 0.376822 0.30315 0.316794 0.30315
10 0.169674 0.637795 0.159958 0.649606 0.186676 0.695866 0.199514 0.681102
6 0.468772 0.484744 0.485774 0.484744 0.485774 0.554134 0.468772 0.554134
6 0.491672 0.499016 0.505205 0.499016 0.505205 0.549213 0.491672 0.549213
6 0.510062 0.477362 0.528452 0.477362 0.528452 0.572343 0.510062 0.572343
7 0.606523 0.207185 0.651978 0.207185 0.651978 0.224409 0.606523 0.224409
11 0.591256 0.139764 0.663081 0.139764 0.663081 0.173228 0.591256 0.173228
11 0.664816 0.269685 0.729008 0.269685 0.729008 0.3125 0.664816 0.3125
11 0.567314 0.191437 0.602012 0.191437 0.602012 0.274114 0.567314 0.274114
11 0.443789 0.257382 0.504164 0.257382 0.504164 0.304134 0.443789 0.304134
11 0.250173 0.24065 0.326162 0.24065 0.326162 0.280512 0.250173 0.280512
11 0.534351 0.641732 0.59195 0.641732 0.59195 0.700295 0.534351 0.700295
11 0.541291 0.73622 0.616586 0.73622 0.616586 0.779528 0.541291 0.779528
11 0.306037 0.531004 0.321999 0.531004 0.321999 0.586614 0.306037 0.586614
11 0.604788 0.390748 0.624219 0.390748 0.624219 0.412402 0.604788 0.412402
11 0.635323 0.380906 0.651978 0.380906 0.651978 0.40502 0.635323 0.40502
11 0.74948 0.332677 0.803262 0.332677 0.803262 0.406004 0.74948 0.406004
11 0.675226 0.85187 0.713046 0.85187 0.713046 0.913386 0.675226 0.913386
11 0.489244 0.117618 0.532616 0.117618 0.532616 0.180118 0.489244 0.180118
11 0.589868 0.876969 0.636017 0.876969 0.636017 0.938976 0.589868 0.938976
11 0.721721 0.690453 0.80465 0.690453 0.80465 0.771161 0.721721 0.771161
11 0.268217 0.173228 0.320611 0.173228 0.320611 0.234252 0.268217 0.234252
11 0.907703 0.546752 0.946218 0.546752 0.946218 0.610236 0.907703 0.610236
11 0.08501 0.697343 0.136711 0.697343 0.136711 0.759843 0.08501 0.759843
11 0.482651 0.849409 0.520819 0.849409 0.520819 0.914862 0.482651 0.914862
11 0.09889 0.857283 0.138099 0.857283 0.138099 0.920768 0.09889 0.920768
11 0.842817 0.404528 0.885496 0.404528 0.885496 0.469488 0.842817 0.469488
11 0.622484 0.729823 0.665163 0.729823 0.665163 0.802657 0.622484 0.802657
11 0.141221 0.815945 0.187717 0.815945 0.187717 0.879921 0.141221 0.879921
11 0.884802 0.810039 0.927481 0.810039 0.927481 0.882874 0.884802 0.882874
11 0.347328 0.077264 0.387231 0.077264 0.387231 0.132382 0.347328 0.132382
11 0.8161 0.096949 0.86433 0.096949 0.86433 0.174705 0.8161 0.174705