2 0.174532 0.23376 0.20229 0.23376 0.20229 0.255413 0.174532 0.255413
2 0.292158 0.169783 0.308813 0.169783 0.308813 0.186516 0.292158 0.186516
2 0.309507 0.215059 0.334143 0.215059 0.334143 0.237205 0.309507 0.237205
2 0.229702 0.255413 0.252255 0.255413 0.252255 0.27313 0.229702 0.27313
2 0.151978 0.281496 0.176266 0.281496 0.176266 0.299705 0.151978 0.299705
2 0.089174 0.334646 0.116239 0.334646 0.116239 0.356791 0.089174 0.356791
6 0.115545 0.314469 0.138446 0.314469 0.138446 0.333661 0.115545 0.333661
10 0.045108 0.35876 0.063845 0.35876 0.063845 0.419783 0.045108 0.419783
6 0.136017 0.505906 0.160652 0.505906 0.160652 0.526083 0.136017 0.526083
6 0.075642 0.593012 0.135323 0.593012 0.135323 0.618602 0.075642 0.618602
2 0.184941 0.658465 0.207495 0.658465 0.207495 0.686024 0.184941 0.686024
2 0.295975 0.656496 0.316447 0.656496 0.316447 0.674213 0.295975 0.674213
4 0.3678 0.313976 0.421235 0.313976 0.421235 0.332185 0.3678 0.332185
6 0.452117 0.417323 0.47016 0.417323 0.47016 0.516732 0.452117 0.516732
10 0.494448 0.624016 0.455586 0.624016 0.455586 0.595965 0.494448 0.595965
0 0.464261 0.674213 0.498959 0.674213 0.498959 0.754921 0.464261 0.754921
0 0.591256 0.597441 0.656489 0.597441 0.656489 0.643209 0.591256 0.643209
0 0.879598 0.128937 0.936502 0.128937 0.936502 0.179134 0.879598 0.179134
2 0.910826 0.302165 0.931645 0.302165 0.931645 0.323819 0.910826 0.323819
2 0.865718 0.224902 0.890007 0.224902 0.890007 0.24311 0.865718 0.24311
6 0.857738 0.331693 0.880638 0.331693 0.880638 0.355315 0.857738 0.355315
2 0.716516 0.260335 0.73907 0.260335 0.73907 0.283957 0.716516 0.283957
2 0.658917 0.542815 0.678348 0.542815 0.678348 0.565453 0.658917 0.565453
6 0.676613 0.612205 0.693616 0.612205 0.693616 0.636319 0.676613 0.636319
10 0.73907 0.366634 0.753643 0.366634 0.753643 0.399606 0.73907 0.399606
6 0.593338 0.447343 0.608952 0.447343 0.608952 0.486713 0.593338 0.486713
6 0.613116 0.425197 0.633241 0.425197 0.633241 0.516732 0.613116 0.516732
6 0.57009 0.287894 0.587439 0.287894 0.587439 0.337106 0.57009 0.337106
6 0.422276 0.267224 0.438931 0.267224 0.438931 0.361713 0.422276 0.361713
11 0.810201 0.675197 0.834837 0.675197 0.834837 0.691929 0.810201 0.691929
11 0.807078 0.69685 0.835878 0.69685 0.835878 0.719488 0.807078 0.719488
11 0.807078 0.727854 0.836572 0.727854 0.836572 0.747047 0.807078 0.747047
11 0.895906 0.641732 0.9195 0.641732 0.9195 0.665354 0.895906 0.665354
11 0.809507 0.580217 0.831367 0.580217 0.831367 0.595965 0.809507 0.595965
11 0.869535 0.380906 0.895906 0.380906 0.895906 0.395669 0.869535 0.395669
11 0.680777 0.306594 0.714781 0.306594 0.714781 0.324803 0.680777 0.324803
11 0.59195 0.34252 0.648855 0.34252 0.648855 0.386811 0.59195 0.386811
11 0.64018 0.445866 0.653019 0.445866 0.653019 0.486713 0.64018 0.486713
11 0.658917 0.445866 0.673144 0.445866 0.673144 0.486713 0.658917 0.486713
11 0.553782 0.591043 0.575989 0.591043 0.575989 0.607776 0.553782 0.607776
11 0.409091 0.641732 0.482998 0.641732 0.482998 0.671752 0.409091 0.671752
11 0.52533 0.700295 0.546495 0.700295 0.546495 0.720965 0.52533 0.720965
11 0.530187 0.72687 0.553782 0.72687 0.553782 0.746063 0.530187 0.746063
11 0.503123 0.672736 0.520125 0.672736 0.520125 0.689469 0.503123 0.689469
11 0.398334 0.448327 0.413602 0.448327 0.413602 0.498524 0.398334 0.498524
11 0.383067 0.448327 0.393824 0.448327 0.393824 0.490157 0.383067 0.490157
11 0.352533 0.450787 0.36433 0.450787 0.36433 0.492618 0.352533 0.492618
11 0.240805 0.672736 0.2644 0.672736 0.2644 0.690945 0.240805 0.690945
11 0.240111 0.697835 0.2644 0.697835 0.2644 0.719488 0.240111 0.719488
11 0.236294 0.720472 0.268563 0.720472 0.268563 0.742126 0.236294 0.742126
11 0.240111 0.795276 0.2644 0.795276 0.2644 0.82628 0.240111 0.82628
11 0.047883 0.251476 0.063845 0.251476 0.063845 0.289862 0.047883 0.289862
11 0.2356 0.095472 0.261971 0.095472 0.261971 0.124016 0.2356 0.124016
11 0.244275 0.134843 0.262665 0.134843 0.262665 0.161417 0.244275 0.161417
11 0.333796 0.267224 0.356697 0.267224 0.356697 0.297244 0.333796 0.297244
11 0.223803 0.320866 0.24601 0.320866 0.24601 0.340551 0.223803 0.340551
11 0.449688 0.092028 0.54025 0.092028 0.54025 0.127953 0.449688 0.127953
11 0.515267 0.129429 0.538168 0.129429 0.538168 0.147146 0.515267 0.147146
11 0.509022 0.153051 0.52533 0.153051 0.52533 0.17126 0.509022 0.17126
11 0.839001 0.153051 0.87474 0.153051 0.87474 0.17815 0.839001 0.17815
11 0.236294 0.593996 0.252255 0.593996 0.252255 0.613189 0.236294 0.613189
11 0.04408 -0.572011 0.105829 -0.567421 0.107654 -0.616795 0.045904 -0.621384
11 0.440666 0.29626 0.490978 0.29626 0.490978 0.340551 0.440666 0.340551
11 0.523942 0.266732 0.535739 0.266732 0.535739 0.283465 0.523942 0.283465
11 0.557599 0.266732 0.573213 0.266732 0.573213 0.281988 0.557599 0.281988
11 0.71374 0.456201 0.727967 0.456201 0.727967 0.476378 0.71374 0.476378
11 0.069049 0.338583 0.081888 0.338583 0.081888 0.361713 0.069049 0.361713
11 0.535739 0.390748 0.569743 0.390748 0.569743 0.466043 0.535739 0.466043
11 0.520472 0.500984 0.568702 0.500984 0.568702 0.549213 0.520472 0.549213
11 0.572519 0.477854 0.580153 0.477854 0.580153 0.494094 0.572519 0.494094
11 0.74254 0.83563 0.789035 0.83563 0.789035 0.899606 0.74254 0.899606
11 0.491672 0.78937 0.541638 0.78937 0.541638 0.850886 0.491672 0.850886
11 0.843164 0.808563 0.945871 0.808563 0.945871 0.913386 0.843164 0.913386
11 0.682165 0.192913 0.738029 0.192913 0.738029 0.252461 0.682165 0.252461
11 0.070784 0.08563 0.130812 0.08563 0.130812 0.146654 0.070784 0.146654
11 0.100972 0.829232 0.234906 0.829232 0.234906 0.916339 0.100972 0.916339
11 0.608258 0.807087 0.718945 0.807087 0.718945 0.879429 0.608258 0.879429
11 0.593685 0.219488 0.636364 0.219488 0.636364 0.281988 0.593685 0.281988
11 0.722068 0.105315 0.7644 0.105315 0.7644 0.168307 0.722068 0.168307
11 0.608258 0.622047 0.655448 0.622047 0.655448 0.678642 0.608258 0.678642
11 0.275503 0.797736 0.366065 0.797736 0.366065 0.891732 0.275503 0.891732
11 0.436155 0.88189 0.480222 0.88189 0.480222 0.939961 0.436155 0.939961
11 0.385496 0.778543 0.415684 0.778543 0.415684 0.825295 0.385496 0.825295
11 0.586398 0.077264 0.699514 0.077264 0.699514 0.162894 0.586398 0.162894
11 0.848022 0.079232 0.887925 0.079232 0.887925 0.140256 0.848022 0.140256
11 0.431645 0.735236 0.478487 0.735236 0.478487 0.78937 0.431645 0.78937