0 0.116586 0.086122 0.196391 0.086122 0.196391 0.150591 0.116586 0.150591
2 0.133241 0.670768 0.153366 0.670768 0.153366 0.695866 0.133241 0.695866
4 0.225538 0.511319 0.259195 0.511319 0.259195 0.534449 0.225538 0.534449
2 0.249827 0.549705 0.279667 0.549705 0.279667 0.575295 0.249827 0.575295
2 0.353574 0.420768 0.378904 0.420768 0.378904 0.449803 0.353574 0.449803
2 0.554476 0.216043 0.579459 0.216043 0.579459 0.238189 0.554476 0.238189
0 0.729355 0.326772 0.772727 0.326772 0.772727 0.42815 0.729355 0.42815
6 0.750867 0.44685 0.767176 0.44685 0.767176 0.489665 0.750867 0.489665
6 0.837613 0.450787 0.850104 0.450787 0.850104 0.484252 0.837613 0.484252
11 0.063151 0.283957 0.079112 0.283957 0.079112 0.339075 0.063151 0.339075
11 0.086745 0.283957 0.105482 0.283957 0.105482 0.338091 0.086745 0.338091
11 0.11381 0.286417 0.133241 0.286417 0.133241 0.336614 0.11381 0.336614
11 0.097849 0.158957 0.11381 0.158957 0.11381 0.207185 0.097849 0.207185
11 0.127342 0.17126 0.142609 0.17126 0.142609 0.214075 0.127342 0.214075
11 0.273768 0.07628 0.31263 0.07628 0.31263 0.096457 0.273768 0.096457
11 0.281402 0.103346 0.313671 0.103346 0.313671 0.125 0.281402 0.125
11 0.637752 0.104823 0.67592 0.104823 0.67592 0.128937 0.637752 0.128937
11 0.71374 0.177165 0.792505 0.177165 0.792505 0.244094 0.71374 0.244094
11 0.660652 0.279035 0.678348 0.279035 0.678348 0.333169 0.660652 0.333169
11 0.687717 0.286417 0.705413 0.286417 0.705413 0.346457 0.687717 0.346457
11 0.861901 0.430118 0.935461 0.430118 0.935461 0.504921 0.861901 0.504921
11 0.848716 0.566929 0.931645 0.566929 0.931645 0.625984 0.848716 0.625984
11 0.805344 0.537402 0.82408 0.537402 0.82408 0.5625 0.805344 0.5625
11 0.3966 0.695374 0.438931 0.695374 0.438931 0.724409 0.3966 0.724409
11 0.392436 0.731791 0.434768 0.731791 0.434768 0.757874 0.392436 0.757874
11 0.461832 0.641732 0.480222 0.641732 0.480222 0.671752 0.461832 0.671752
11 0.337266 0.556594 0.365371 0.556594 0.365371 0.582677 0.337266 0.582677
11 0.385496 0.496555 0.407703 0.496555 0.407703 0.525098 0.385496 0.525098
11 0.284872 0.363189 0.31263 0.363189 0.31263 0.389764 0.284872 0.389764
11 0.1839 0.220472 0.200208 0.220472 0.200208 0.242126 0.1839 0.242126
11 0.620749 0.217028 0.633241 0.217028 0.633241 0.244587 0.620749 0.244587
11 0.45975 0.197343 0.480222 0.197343 0.480222 0.213091 0.45975 0.213091
11 0.100278 0.830709 0.137405 0.830709 0.137405 0.892224 0.100278 0.892224
11 0.499653 0.836122 0.541985 0.836122 0.541985 0.899606 0.499653 0.899606
11 0.837266 0.083169 0.89313 0.083169 0.89313 0.152067 0.837266 0.152067
11 0.444136 0.531496 0.489244 0.531496 0.489244 0.605807 0.444136 0.605807
11 0.462179 0.325295 0.513879 0.325295 0.513879 0.390748 0.462179 0.390748
11 0.083969 0.522638 0.123872 0.522638 0.123872 0.582185 0.083969 0.582185
11 0.745663 0.622047 0.788341 0.622047 0.788341 0.672244 0.745663 0.672244
11 0.798057 0.234252 0.848369 0.234252 0.848369 0.298228 0.798057 0.298228
11 0.181471 0.834646 0.235947 0.834646 0.235947 0.90502 0.181471 0.90502
11 0.848716 0.838583 0.900069 0.838583 0.900069 0.904528 0.848716 0.904528
11 0.741846 0.795276 0.792158 0.795276 0.792158 0.858268 0.741846 0.858268
11 0.772727 0.870571 0.836572 0.870571 0.836572 0.942913 0.772727 0.942913
11 0.743234 0.212598 0.789035 0.212598 0.789035 0.274606 0.743234 0.274606
11 0.452117 0.399606 0.498612 0.399606 0.498612 0.461614 0.452117 0.461614
11 0.656489 0.82628 0.721027 0.82628 0.721027 0.885827 0.656489 0.885827
11 0.317835 0.8125 0.429563 0.8125 0.429563 0.900098 0.317835 0.900098