0 0.064885 0.258366 0.138099 0.258366 0.138099 0.308071 0.064885 0.308071
0 0.136364 0.560039 0.172103 0.560039 0.172103 0.650591 0.136364 0.650591
0 0.192575 0.192421 0.260583 0.192421 0.260583 0.24065 0.192575 0.24065
0 0.237682 0.290846 0.269257 0.290846 0.269257 0.382874 0.237682 0.382874
10 0.283484 0.786417 0.315059 0.786417 0.315059 0.807087 0.283484 0.807087
6 0.079806 0.486713 0.099237 0.486713 0.099237 0.549213 0.079806 0.549213
6 0.106176 0.495079 0.122831 0.495079 0.122831 0.540354 0.106176 0.540354
6 0.231783 0.518209 0.248092 0.518209 0.248092 0.561024 0.231783 0.561024
6 0.381679 0.498524 0.397641 0.498524 0.397641 0.53937 0.381679 0.53937
6 0.403192 0.486713 0.419847 0.486713 0.419847 0.547244 0.403192 0.547244
6 0.427481 0.491142 0.445871 0.491142 0.445871 0.549213 0.427481 0.549213
10 0.56211 0.649114 0.593338 0.649114 0.593338 0.669783 0.56211 0.669783
6 0.557946 0.693898 0.598196 0.693898 0.598196 0.717028 0.557946 0.717028
1 0.353574 0.776575 0.428175 0.776575 0.428175 0.808563 0.353574 0.808563
1 0.066967 0.774114 0.141221 0.774114 0.141221 0.810531 0.066967 0.810531
1 0.375781 0.229331 0.452117 0.229331 0.452117 0.260827 0.375781 0.260827
8 0.303609 0.18061 0.336572 0.18061 0.336572 0.201772 0.303609 0.201772
8 0.241152 0.674705 0.26787 0.674705 0.26787 0.69685 0.241152 0.69685
8 0.173144 0.247539 0.19084 0.247539 0.19084 0.270669 0.173144 0.270669
11 0.337266 0.355807 0.548924 0.355807 0.548924 0.372539 0.337266 0.372539
11 0.062804 0.307579 0.136364 0.307579 0.136364 0.338583 0.062804 0.338583
11 0.379944 0.185039 0.450035 0.185039 0.450035 0.228839 0.379944 0.228839
11 0.185288 0.780512 0.210618 0.780512 0.210618 0.803642 0.185288 0.803642
11 0.241846 0.786417 0.261624 0.786417 0.261624 0.804626 0.241846 0.804626
11 0.239764 0.821358 0.258848 0.821358 0.258848 0.838583 0.239764 0.838583
11 0.33796 0.662894 0.397641 0.662894 0.397641 0.717028 0.33796 0.717028
11 0.491672 0.628937 0.553435 0.628937 0.553435 0.674705 0.491672 0.674705
11 0.468425 0.425689 0.527065 0.425689 0.527065 0.468012 0.468425 0.468012
11 0.566967 0.459154 0.626995 0.459154 0.626995 0.502953 0.566967 0.502953
11 0.869535 0.20374 0.914643 0.20374 0.914643 0.261811 0.869535 0.261811
11 0.488203 0.151083 0.552047 0.151083 0.552047 0.223425 0.488203 0.223425
11 0.737335 0.601378 0.785566 0.601378 0.785566 0.665354 0.737335 0.665354
11 0.644344 0.620571 0.684247 0.620571 0.684247 0.679134 0.644344 0.679134
11 0.727967 0.672244 0.769257 0.672244 0.769257 0.732776 0.727967 0.732776
11 0.684941 0.125492 0.734906 0.125492 0.734906 0.190945 0.684941 0.190945
11 0.575989 0.332677 0.620749 0.332677 0.620749 0.401575 0.575989 0.401575
11 0.452117 0.518701 0.505899 0.518701 0.505899 0.56939 0.452117 0.56939
11 0.405274 0.110728 0.455933 0.110728 0.455933 0.17815 0.405274 0.17815
11 0.492366 0.762303 0.580847 0.762303 0.580847 0.848917 0.492366 0.848917
11 0.06211 0.817421 0.104441 0.817421 0.104441 0.880906 0.06211 0.880906
11 0.319917 0.081201 0.358779 0.081201 0.358779 0.137303 0.319917 0.137303
11 0.746704 0.45374 0.857391 0.45374 0.857391 0.526083 0.746704 0.526083
11 0.727967 0.878937 0.764747 0.878937 0.764747 0.941437 0.727967 0.941437
11 0.808119 0.570866 0.921929 0.570866 0.921929 0.650098 0.808119 0.650098
11 0.51492 0.234744 0.627342 0.234744 0.627342 0.32185 0.51492 0.32185