0 0.165857 0.182087 0.234212 0.182087 0.234212 0.244587 0.165857 0.244587
3 0.29077 0.235236 0.32408 0.235236 0.32408 0.262303 0.29077 0.262303
6 0.131853 0.319882 0.150243 0.319882 0.150243 0.363189 0.131853 0.363189
6 0.157183 0.306102 0.184247 0.306102 0.184247 0.378937 0.157183 0.378937
6 0.295628 0.531496 0.359473 0.531496 0.359473 0.557579 0.295628 0.557579
6 0.606176 0.600394 0.630118 0.600394 0.630118 0.623524 0.606176 0.623524
6 0.839348 0.329232 0.905274 0.329232 0.905274 0.353839 0.839348 0.353839
0 0.31957 0.382382 0.390701 0.382382 0.390701 0.439961 0.31957 0.439961
10 0.302568 0.477854 0.361901 0.477854 0.361901 0.50689 0.302568 0.50689
11 0.324774 0.21063 0.4195 0.21063 0.4195 0.262303 0.324774 0.262303
11 0.44136 0.252461 0.460791 0.252461 0.460791 0.30561 0.44136 0.30561
11 0.478487 0.275591 0.504858 0.275591 0.504858 0.30315 0.478487 0.30315
11 0.49653 0.318898 0.516655 0.318898 0.516655 0.36565 0.49653 0.36565
11 0.578418 0.331693 0.597849 0.331693 0.597849 0.366634 0.578418 0.366634
11 0.689452 0.425689 0.72415 0.425689 0.72415 0.445866 0.689452 0.445866
11 0.136017 0.524114 0.210271 0.524114 0.210271 0.588583 0.136017 0.588583
11 0.123872 0.213091 0.163081 0.213091 0.163081 0.244094 0.123872 0.244094
11 0.302568 0.442421 0.38966 0.442421 0.38966 0.478346 0.302568 0.478346
11 0.360861 0.498031 0.426093 0.498031 0.426093 0.558563 0.360861 0.558563
11 0.255031 0.619094 0.262318 0.619094 0.262318 0.644193 0.255031 0.644193
11 0.258501 0.656496 0.271686 0.656496 0.271686 0.67815 0.258501 0.67815
11 0.240805 0.693406 0.256072 0.693406 0.256072 0.715551 0.240805 0.715551
11 0.283016 -0.3485 0.372472 -0.3374 0.376187 -0.397619 0.286731 -0.408719
11 0.075642 0.086614 0.181471 0.086614 0.181471 0.183071 0.075642 0.183071
11 0.107911 0.4375 0.160999 0.4375 0.160999 0.494094 0.107911 0.494094
11 0.833449 0.714567 0.887231 0.714567 0.887231 0.78248 0.833449 0.78248
11 0.166898 0.75689 0.204719 0.75689 0.204719 0.815945 0.166898 0.815945
11 0.498265 0.089567 0.586398 0.089567 0.586398 0.170276 0.498265 0.170276
11 0.408744 0.878937 0.459403 0.878937 0.459403 0.946358 0.408744 0.946358
11 0.472935 0.752953 0.583276 0.752953 0.583276 0.835138 0.472935 0.835138
11 0.252949 0.785925 0.299098 0.785925 0.299098 0.848425 0.252949 0.848425
11 0.865371 0.637795 0.913602 0.637795 0.913602 0.69439 0.865371 0.69439
11 0.69431 0.676673 0.733518 0.676673 0.733518 0.738681 0.69431 0.738681
11 0.619015 0.126476 0.658223 0.126476 0.658223 0.189469 0.619015 0.189469
11 0.056558 0.639272 0.172797 0.639272 0.172797 0.73376 0.056558 0.73376
11 0.830326 0.139272 0.876128 0.139272 0.876128 0.202264 0.830326 0.202264
11 0.542679 0.560039 0.599584 0.560039 0.599584 0.621555 0.542679 0.621555
11 0.345246 0.789862 0.397641 0.789862 0.397641 0.857283 0.345246 0.857283
11 0.395212 0.299705 0.439972 0.299705 0.439972 0.368602 0.395212 0.368602