0 0.148855 0.398622 0.189799 0.398622 0.189799 0.49311 0.148855 0.49311
10 0.252949 0.288878 0.276197 0.288878 0.276197 0.349902 0.252949 0.349902
2 0.377863 0.458661 0.416031 0.458661 0.416031 0.482283 0.377863 0.482283
0 0.354962 0.240157 0.435461 0.240157 0.435461 0.296752 0.354962 0.296752
6 0.393824 0.687008 0.45628 0.687008 0.45628 0.723425 0.393824 0.723425
10 0.472935 0.728346 0.523248 0.728346 0.523248 0.751969 0.472935 0.751969
0 0.598543 0.34498 0.662734 0.34498 0.662734 0.396161 0.598543 0.396161
6 0.66551 0.36565 0.710618 0.36565 0.710618 0.39124 0.66551 0.39124
6 0.67696 0.481791 0.712006 0.481791 0.712006 0.500492 0.67696 0.500492
6 0.756419 0.609744 0.791117 0.609744 0.791117 0.638287 0.756419 0.638287
0 0.756419 0.158957 0.833796 0.158957 0.833796 0.216043 0.756419 0.216043
6 0.705413 0.157972 0.729355 0.157972 0.729355 0.17815 0.705413 0.17815
11 0.234906 0.369094 0.313671 0.369094 0.313671 0.404035 0.234906 0.404035
11 0.525677 0.357776 0.584316 0.357776 0.584316 0.401575 0.525677 0.401575
11 0.733171 0.403051 0.79771 0.403051 0.79771 0.44685 0.733171 0.44685
11 0.724844 0.125 0.785913 0.125 0.785913 0.174705 0.724844 0.174705
11 0.591256 0.156496 0.626648 0.156496 0.626648 0.186516 0.591256 0.186516
11 0.456974 0.680118 0.522901 0.680118 0.522901 0.724409 0.456974 0.724409
11 0.171409 0.573327 0.188411 0.573327 0.188411 0.618602 0.171409 0.618602
11 0.562457 0.543307 0.581888 0.543307 0.581888 0.568406 0.562457 0.568406
11 0.436155 0.357283 0.452464 0.357283 0.452464 0.380906 0.436155 0.380906
11 0.472588 0.265748 0.487162 0.265748 0.487162 0.301673 0.472588 0.301673
11 0.746704 0.297244 0.759542 0.297244 0.759542 0.327264 0.746704 0.327264
11 0.769951 0.260335 0.784872 0.260335 0.784872 0.299213 0.769951 0.299213
11 0.679389 0.452756 0.699861 0.452756 0.699861 0.479823 0.679389 0.479823
11 0.173144 0.738189 0.284872 0.738189 0.284872 0.832185 0.173144 0.832185
11 0.786607 0.575787 0.869535 0.575787 0.869535 0.644685 0.786607 0.644685
11 0.137405 0.874016 0.178348 0.874016 0.178348 0.936024 0.137405 0.936024
11 0.646426 0.846457 0.690146 0.846457 0.690146 0.903543 0.646426 0.903543
11 0.50694 0.442913 0.55864 0.442913 0.55864 0.505413 0.50694 0.505413
11 0.191881 0.121555 0.310895 0.121555 0.310895 0.226378 0.191881 0.226378
11 0.314018 0.790846 0.37127 0.790846 0.37127 0.845965 0.314018 0.845965
11 0.387231 0.797736 0.491325 0.797736 0.491325 0.89813 0.387231 0.89813
11 0.61728 0.417323 0.66551 0.417323 0.66551 0.47687 0.61728 0.47687
11 0.846981 0.324803 0.896253 0.324803 0.896253 0.386811 0.846981 0.386811
11 0.332755 0.148622 0.384802 0.148622 0.384802 0.214075 0.332755 0.214075
11 0.259542 0.89124 0.297363 0.89124 0.297363 0.949311 0.259542 0.949311
11 0.835531 0.785433 0.887231 0.785433 0.887231 0.843504 0.835531 0.843504
11 0.081194 0.526083 0.134282 0.526083 0.134282 0.586122 0.081194 0.586122
11 0.544761 0.809547 0.583276 0.809547 0.583276 0.873031 0.544761 0.873031
11 0.693269 0.888287 0.753296 0.888287 0.753296 0.949311 0.693269 0.949311