10 0.270645 0.301673 0.293893 0.301673 0.293893 0.377461 0.270645 0.377461
6 0.339695 0.498031 0.381332 0.498031 0.381332 0.52313 0.339695 0.52313
6 0.34143 0.525591 0.382373 0.525591 0.382373 0.552165 0.34143 0.552165
6 0.361901 0.610236 0.391395 0.610236 0.391395 0.629429 0.361901 0.629429
6 0.323387 0.748031 0.338307 0.748031 0.338307 0.803642 0.323387 0.803642
6 0.361901 0.870571 0.390354 0.870571 0.390354 0.892224 0.361901 0.892224
6 0.433727 0.704724 0.447259 0.704724 0.447259 0.734744 0.433727 0.734744
10 0.436849 0.852362 0.472588 0.852362 0.472588 0.873524 0.436849 0.873524
6 0.361901 0.095472 0.384108 0.095472 0.384108 0.18061 0.361901 0.18061
6 0.450035 0.224902 0.472588 0.224902 0.472588 0.296752 0.450035 0.296752
0 0.485427 0.239665 0.556211 0.239665 0.556211 0.299705 0.485427 0.299705
2 0.563498 0.14124 0.594379 0.14124 0.594379 0.166831 0.563498 0.166831
2 0.600972 0.128937 0.632894 0.128937 0.632894 0.152559 0.600972 0.152559
2 0.764053 0.185531 0.79424 0.185531 0.79424 0.208661 0.764053 0.208661
2 0.82408 0.295276 0.850104 0.295276 0.850104 0.322343 0.82408 0.322343
1 0.471548 0.459154 0.570784 0.459154 0.570784 0.498524 0.471548 0.498524
1 0.487856 0.183071 0.581194 0.183071 0.581194 0.220472 0.487856 0.220472
11 0.76891 0.420768 0.795975 0.420768 0.795975 0.448327 0.76891 0.448327
11 0.74948 0.46998 0.784178 0.46998 0.784178 0.496555 0.74948 0.496555
11 0.721374 0.525098 0.752949 0.525098 0.752949 0.550197 0.721374 0.550197
11 0.899375 0.401575 0.931298 0.401575 0.931298 0.426673 0.899375 0.426673
11 0.469466 0.383858 0.545802 0.383858 0.545802 0.434055 0.469466 0.434055
11 0.431298 0.359252 0.454892 0.359252 0.454892 0.426181 0.431298 0.426181
11 0.407703 0.538386 0.420194 0.538386 0.420194 0.557579 0.407703 0.557579
11 0.43789 0.787894 0.455586 0.787894 0.455586 0.81939 0.43789 0.81939
11 0.224844 0.735236 0.240805 0.735236 0.240805 0.784449 0.224844 0.784449
11 0.251908 0.75935 0.263706 0.75935 0.263706 0.803642 0.251908 0.803642
11 0.271339 0.781004 0.285566 0.781004 0.285566 0.822835 0.271339 0.822835
11 0.295975 0.809547 0.309507 0.809547 0.309507 0.847933 0.295975 0.847933
11 0.31263 0.868602 0.327203 0.868602 0.327203 0.897146 0.31263 0.897146
11 0.369535 0.901083 0.404233 0.901083 0.404233 0.927165 0.369535 0.927165
11 0.289035 0.125492 0.360167 0.125492 0.360167 0.182087 0.289035 0.182087
11 0.169674 0.350886 0.191534 0.350886 0.191534 0.366634 0.169674 0.366634
11 0.06211 0.286417 0.075642 0.286417 0.075642 0.322343 0.06211 0.322343
11 0.689452 0.18061 0.716516 0.18061 0.716516 0.207185 0.689452 0.207185
11 0.392436 0.271654 0.412561 0.271654 0.412561 0.293307 0.392436 0.293307
11 0.393824 0.402559 0.413602 0.402559 0.413602 0.429134 0.393824 0.429134
11 0.881332 0.311516 0.909091 0.311516 0.909091 0.334154 0.881332 0.334154
11 0.642609 0.46998 0.661693 0.46998 0.661693 0.491142 0.642609 0.491142
11 0.847328 0.568406 0.86433 0.568406 0.86433 0.594488 0.847328 0.594488
11 0.283484 0.466043 0.284525 0.526083 0.331714 0.522638 0.369882 0.468996
11 0.063498 0.688976 0.111728 0.688976 0.111728 0.747047 0.063498 0.747047
11 0.605829 0.556594 0.656142 0.556594 0.656142 0.619587 0.605829 0.619587
11 0.441013 0.561516 0.505205 0.561516 0.505205 0.624508 0.441013 0.624508
11 0.611728 0.869094 0.66551 0.869094 0.66551 0.937008 0.611728 0.937008
11 0.61034 0.734744 0.662734 0.734744 0.662734 0.802165 0.61034 0.802165
11 0.765788 0.826772 0.85635 0.826772 0.85635 0.920768 0.765788 0.920768
11 0.076683 0.754429 0.179389 0.754429 0.179389 0.859252 0.076683 0.859252
11 0.877169 0.848425 0.921235 0.848425 0.921235 0.90502 0.877169 0.90502
11 0.238029 0.119094 0.302568 0.119094 0.302568 0.178642 0.238029 0.178642
11 0.546495 0.809547 0.590215 0.809547 0.590215 0.86565 0.546495 0.86565
11 0.546495 0.510827 0.593685 0.510827 0.593685 0.575295 0.546495 0.575295
11 0.492713 0.649114 0.601319 0.649114 0.601319 0.732283 0.492713 0.732283
11 0.62873 0.656004 0.685288 0.656004 0.685288 0.71998 0.62873 0.71998
11 0.841777 0.700295 0.890007 0.700295 0.890007 0.764272 0.841777 0.764272
11 0.717904 0.716043 0.77585 0.716043 0.77585 0.787894 0.717904 0.787894
11 0.697779 0.61565 0.734212 0.61565 0.734212 0.675197 0.697779 0.675197