7 0.282443 0.199803 0.335878 0.199803 0.335878 0.222441 0.282443 0.222441
7 0.046149 0.379921 0.061069 0.379921 0.061069 0.442913 0.046149 0.442913
0 0.398334 0.185531 0.477446 0.185531 0.477446 0.251476 0.398334 0.251476
0 0.489244 0.136319 0.529146 0.136319 0.529146 0.236713 0.489244 0.236713
2 0.587786 0.23622 0.628036 0.23622 0.628036 0.261319 0.587786 0.261319
6 0.683206 0.364173 0.697779 0.364173 0.697779 0.404035 0.683206 0.404035
6 0.708536 0.366142 0.723456 0.366142 0.723456 0.424705 0.708536 0.424705
6 0.659264 0.500492 0.681818 0.500492 0.681818 0.525098 0.659264 0.525098
6 0.701249 0.56939 0.757113 0.56939 0.757113 0.596457 0.701249 0.596457
6 0.768563 0.654035 0.800139 0.654035 0.800139 0.675197 0.768563 0.675197
7 0.804997 0.404035 0.820958 0.404035 0.820958 0.457677 0.804997 0.457677
2 0.836919 0.40748 0.859473 0.40748 0.859473 0.429626 0.836919 0.429626
6 0.806731 0.20374 0.84594 0.20374 0.84594 0.224409 0.806731 0.224409
6 0.192922 0.636811 0.234559 0.636811 0.234559 0.661417 0.192922 0.661417
10 0.044067 0.508858 0.062804 0.508858 0.062804 0.572343 0.044067 0.572343
6 0.430604 0.454232 0.445524 0.454232 0.445524 0.504429 0.430604 0.504429
11 0.179736 0.197343 0.230743 0.197343 0.230743 0.222441 0.179736 0.222441
11 0.068008 0.413386 0.083276 0.413386 0.083276 0.455709 0.068008 0.455709
11 0.173838 0.707677 0.206801 0.707677 0.206801 0.73622 0.173838 0.73622
11 0.307772 0.714567 0.348369 0.714567 0.348369 0.738681 0.307772 0.738681
11 0.254337 0.614173 0.321305 0.614173 0.321305 0.666831 0.254337 0.666831
11 0.453158 0.579232 0.520125 0.579232 0.520125 0.639272 0.453158 0.639272
11 0.490632 0.537894 0.514573 0.537894 0.514573 0.564961 0.490632 0.564961
11 0.452464 0.425689 0.516655 0.425689 0.516655 0.491634 0.452464 0.491634
11 0.448994 0.256398 0.520819 0.256398 0.520819 0.319882 0.448994 0.319882
11 0.57009 0.169783 0.614157 0.169783 0.614157 0.198819 0.57009 0.198819
11 0.714781 0.205709 0.807078 0.205709 0.807078 0.251476 0.714781 0.251476
11 0.887231 0.514272 0.908397 0.514272 0.908397 0.538386 0.887231 0.538386
11 0.574254 0.614173 0.663081 0.614173 0.663081 0.674213 0.574254 0.674213
11 0.534351 0.714075 0.553782 0.714075 0.553782 0.738189 0.534351 0.738189
11 0.681124 0.472441 0.741499 0.472441 0.741499 0.527559 0.681124 0.527559
11 0.799445 0.500492 0.81263 0.500492 0.81263 0.529035 0.799445 0.529035
11 0.684247 -0.154528 0.755031 -0.154528 0.755031 -0.206201 0.684247 -0.206201
11 0.752602 0.15748 0.735947 0.208661 0.804997 0.209646 0.808813 0.154528
11 0.645381 -0.598275 0.646024 -0.546008 0.715822 -0.547736 0.715179 -0.600003
11 0.7127 0.621063 0.784525 0.625492 0.757113 0.677165 0.710965 0.677165
11 0.17696 0.863189 0.223109 0.863189 0.223109 0.925689 0.17696 0.925689
11 0.459056 0.356299 0.497571 0.356299 0.497571 0.425689 0.459056 0.425689
11 0.887925 0.752953 0.924705 0.752953 0.924705 0.815453 0.887925 0.815453
11 0.630118 0.653051 0.669327 0.653051 0.669327 0.720965 0.630118 0.720965
11 0.645385 0.742126 0.757807 0.742126 0.757807 0.829232 0.645385 0.829232
11 0.419153 0.718996 0.472241 0.718996 0.472241 0.779035 0.419153 0.779035
11 0.296322 0.774606 0.344552 0.774606 0.344552 0.834154 0.296322 0.834154
11 0.790076 0.709154 0.832408 0.709154 0.832408 0.772638 0.790076 0.772638
11 0.523248 0.793799 0.572519 0.793799 0.572519 0.855807 0.523248 0.855807
11 0.085704 0.75 0.133588 0.75 0.133588 0.807087 0.085704 0.807087
11 0.575295 0.752953 0.619362 0.752953 0.619362 0.813484 0.575295 0.813484
11 0.315059 0.128445 0.362248 0.128445 0.362248 0.192421 0.315059 0.192421
11 0.124219 0.225394 0.158917 0.225394 0.158917 0.28002 0.124219 0.28002
11 0.874393 0.891732 0.921582 0.891732 0.921582 0.948327 0.874393 0.948327
11 0.704025 0.852854 0.800833 0.852854 0.800833 0.943898 0.704025 0.943898
11 0.821652 0.105807 0.873005 0.105807 0.873005 0.168307 0.821652 0.168307