6 0.122831 0.38435 0.156142 0.38435 0.156142 0.403051 0.122831 0.403051
2 0.134282 0.510335 0.174185 0.510335 0.174185 0.530512 0.134282 0.530512
6 0.214087 0.409941 0.229355 0.409941 0.229355 0.450295 0.214087 0.450295
6 0.233865 0.413878 0.24948 0.413878 0.24948 0.448327 0.233865 0.448327
2 0.180083 0.17126 0.211312 0.17126 0.211312 0.194882 0.180083 0.194882
6 0.196044 0.205217 0.247398 0.205217 0.247398 0.234252 0.196044 0.234252
0 0.248092 0.185039 0.321305 0.185039 0.321305 0.236713 0.248092 0.236713
2 0.210618 0.267717 0.241499 0.267717 0.241499 0.287894 0.210618 0.287894
2 0.365024 0.169291 0.400416 0.169291 0.400416 0.194882 0.365024 0.194882
0 0.252602 0.396654 0.314365 0.396654 0.314365 0.447343 0.252602 0.447343
10 0.384802 0.386319 0.413602 0.386319 0.413602 0.414862 0.384802 0.414862
6 0.510756 0.412894 0.525677 0.412894 0.525677 0.443898 0.510756 0.443898
6 0.531922 0.40748 0.545455 0.40748 0.545455 0.445866 0.531922 0.445866
6 0.552394 0.40748 0.564192 0.40748 0.564192 0.452264 0.552394 0.452264
6 0.568702 0.403543 0.580153 0.403543 0.580153 0.450295 0.568702 0.450295
6 0.587439 0.400098 0.601319 0.400098 0.601319 0.457677 0.587439 0.457677
6 0.605829 0.533957 0.638793 0.533957 0.638793 0.560531 0.605829 0.560531
6 0.639833 0.64813 0.67592 0.64813 0.67592 0.677165 0.639833 0.677165
10 0.33796 0.52313 0.362942 0.52313 0.362942 0.544783 0.33796 0.544783
11 0.06211 0.546752 0.094379 0.546752 0.094379 0.570866 0.06211 0.570866
11 0.034351 0.278051 0.072519 0.278051 0.072519 0.298228 0.034351 0.298228
11 0.455933 0.226378 0.524289 0.226378 0.524289 0.280512 0.455933 0.280512
11 0.495489 0.275591 0.555517 0.275591 0.555517 0.322343 0.495489 0.322343
11 0.376128 0.220472 0.398334 0.220472 0.398334 0.238189 0.376128 0.238189
11 0.41499 0.157972 0.44136 0.157972 0.44136 0.183071 0.41499 0.183071
11 0.360167 0.270669 0.383067 0.270669 0.383067 0.292323 0.360167 0.292323
11 0.359126 0.311516 0.375434 0.311516 0.375434 0.330709 0.359126 0.330709
11 0.446565 0.382382 0.506593 0.382382 0.506593 0.432579 0.446565 0.432579
11 0.456627 0.468504 0.534351 0.468504 0.534351 0.521654 0.456627 0.521654
11 0.471895 0.587598 0.568355 0.587598 0.568355 0.641732 0.471895 0.641732
11 0.453158 0.677657 0.535392 0.677657 0.535392 0.724409 0.453158 0.724409
11 0.430257 0.704232 0.443095 0.704232 0.443095 0.720965 0.430257 0.720965
11 0.377169 0.721949 0.400069 0.721949 0.400069 0.746063 0.377169 0.746063
11 0.344899 0.568406 0.357738 0.568406 0.357738 0.587598 0.344899 0.587598
11 0.156142 0.412402 0.171409 0.412402 0.171409 0.454232 0.156142 0.454232
11 0.311936 0.390748 0.327897 0.390748 0.327897 0.450787 0.311936 0.450787
11 0.094336 -0.48993 0.170976 -0.476583 0.174957 -0.522565 0.098316 -0.535912
11 0.291117 0.497539 0.358779 0.498524 0.339695 0.544291 0.294587 0.546752
11 0.386884 0.428642 0.403192 0.428642 0.403192 0.452756 0.386884 0.452756
11 0.423664 0.431102 0.43789 0.431102 0.43789 0.45374 0.423664 0.45374
11 0.721721 0.287894 0.738376 0.287894 0.738376 0.310531 0.721721 0.310531
11 0.795628 0.54626 0.812283 0.524114 0.801527 0.510335 0.785219 0.53248
11 0.413949 0.288386 0.422276 0.288386 0.422276 0.309547 0.413949 0.309547
11 0.653713 0.363189 0.697085 0.363189 0.697085 0.424705 0.653713 0.424705
11 0.532963 0.143701 0.583622 0.143701 0.583622 0.206693 0.532963 0.206693
11 0.153366 0.71063 0.193269 0.71063 0.193269 0.770177 0.153366 0.770177
11 0.615892 0.57874 0.647814 0.57874 0.647814 0.637795 0.615892 0.637795
11 0.865371 0.125 0.912214 0.125 0.912214 0.189961 0.865371 0.189961
11 0.223109 0.767717 0.333449 0.767717 0.333449 0.887303 0.223109 0.887303
11 0.260583 0.669291 0.303262 0.669291 0.303262 0.719488 0.260583 0.719488
11 0.430951 0.792815 0.475017 0.792815 0.475017 0.864665 0.430951 0.864665
11 0.207495 0.570866 0.253296 0.570866 0.253296 0.634843 0.207495 0.634843
11 0.508675 0.708661 0.6322 0.708661 0.6322 0.811516 0.508675 0.811516
11 0.109299 0.138287 0.157529 0.138287 0.157529 0.195374 0.109299 0.195374
11 0.674532 0.796752 0.711312 0.796752 0.711312 0.859252 0.674532 0.859252
11 0.477793 0.863189 0.504858 0.863189 0.504858 0.912402 0.477793 0.912402
11 0.903192 0.843996 0.948647 0.843996 0.948647 0.903051 0.903192 0.903051
11 0.670021 0.151575 0.707148 0.151575 0.707148 0.214567 0.670021 0.214567
11 0.071478 0.238681 0.111728 0.238681 0.111728 0.296752 0.071478 0.296752